1. Main
	(38.051063140356455, -84.50217893242836)
	(38.05107264497236, -84.50216149806977)
	(38.050491805066336, -84.50151240348816)
	(38.05047807606735, -84.50152983784676)
	
2. Main
	(38.05108109351882, -84.5024189901352)
	(38.0510905981324, -84.5024002146721)
	(38.05079067417545, -84.50207030296326)
	(38.050781169522914, -84.50208639621735)
3. Short
	(38.05075371163092, -84.5005454671383)
	(38.050763216286995, -84.5005280327797)
	(38.050324944750265, -84.50002645969391)
	(38.05031121571999, -84.500042552948)
4. Short
	(38.05060586126609, -84.50048109412194)
	(38.05059530051434, -84.50049986958504)
	(38.05077272094185, -84.50069567084313)
	(38.05078222559548, -84.50067689538002)